Prediction vector original: [[  3.88483331e-03   1.84140354e-03   7.45825673e-05   1.05574736e-02
    3.28154536e-04   7.97891855e-01   9.21060837e-06   3.58599960e-03
    1.80128038e-01   1.69838197e-03]]
Prediction vector adversarial: [[  2.67073233e-03   5.27148414e-03   1.70316736e-04   1.22951500e-01
    4.86419187e-04   5.42218506e-01   1.71275224e-05   1.59167215e-01
    1.60384983e-01   6.66164560e-03]]

Prediction vector original: [[  1.52206765e-02   3.19314818e-03   2.44586670e-04   9.43108741e-03
    1.87465758e-03   6.74722672e-01   3.33750831e-05   7.71867298e-03
    2.86943674e-01   6.17489393e-04]]
Prediction vector adversarial: [[  1.42353065e-02   6.00154418e-03   5.22306829e-04   5.64957447e-02
    7.39124697e-03   5.81633627e-01   4.97137116e-05   1.89010039e-01
    1.42560467e-01   2.10002437e-03]]

Prediction vector original: [[  4.86124679e-03   5.69773838e-03   2.71834462e-04   6.56368118e-03
    1.67596596e-03   8.17489982e-01   1.27630032e-04   1.04560945e-02
    1.52711213e-01   1.44608173e-04]]
Prediction vector adversarial: [[  8.19624029e-03   1.69162941e-03   8.34816194e-04   3.51018161e-02
    1.38113846e-03   7.34721661e-01   3.52970528e-04   8.85409191e-02
    1.28219381e-01   9.59473313e-04]]

Prediction vector original: [[  2.62844004e-03   2.36546411e-03   4.19850636e-04   2.49551199e-02
    2.28613196e-03   5.80991685e-01   1.72680448e-04   4.86479886e-03
    3.77112180e-01   4.20359708e-03]]
Prediction vector adversarial: [[  2.09171604e-02   8.15206300e-03   6.78525656e-04   1.04143992e-01
    5.96364168e-03   3.36709380e-01   2.56742031e-04   3.16361070e-01
    1.88827306e-01   1.79900322e-02]]

Prediction vector original: [[  2.62844004e-03   2.36546411e-03   4.19850636e-04   2.49551199e-02
    2.28613196e-03   5.80991685e-01   1.72680448e-04   4.86479886e-03
    3.77112180e-01   4.20359708e-03]]
Prediction vector adversarial: [[  2.09171604e-02   8.15206300e-03   6.78525656e-04   1.04143992e-01
    5.96364168e-03   3.36709380e-01   2.56742031e-04   3.16361070e-01
    1.88827306e-01   1.79900322e-02]]

Prediction vector original: [[  2.80064773e-02   1.05059948e-02   4.66501544e-04   9.20620710e-02
    1.34861111e-07   5.02455175e-01   2.59685883e-04   4.27372456e-02
    3.12869102e-01   1.06375227e-02]]
Prediction vector adversarial: [[  2.14824434e-02   6.61471440e-03   2.28521778e-04   6.19082376e-02
    2.61923418e-07   1.69456318e-01   1.22297541e-04   6.27524674e-01
    8.40737224e-02   2.85888258e-02]]

