Prediction vector original: [[  8.84485701e-07   6.49148319e-03   1.61816494e-03   5.20850765e-03
    9.45081949e-01   1.44026987e-02   1.67030096e-02   2.45829491e-04
    6.32078527e-03   3.92663432e-03]]
Prediction vector adversarial: [[  1.19033784e-05   5.24534192e-03   1.09386351e-03   3.99636813e-02
    6.54664695e-01   2.62237370e-01   1.47156063e-02   6.06255053e-05
    4.44172369e-03   1.75652076e-02]]

Prediction vector original: [[  1.62422026e-07   7.50565808e-03   2.68689403e-03   2.15171278e-02
    8.96270514e-01   2.36936398e-02   1.78617500e-02   6.16441597e-04
    1.24907196e-02   1.73570011e-02]]
Prediction vector adversarial: [[  3.48491199e-06   3.18159512e-03   9.34847351e-03   1.60044227e-02
    3.13558996e-01   4.93563890e-01   5.64673468e-02   3.05585650e-04
    4.78794537e-02   5.96868135e-02]]

Prediction vector original: [[  1.62422026e-07   7.50565808e-03   2.68689403e-03   2.15171278e-02
    8.96270514e-01   2.36936398e-02   1.78617500e-02   6.16441597e-04
    1.24907196e-02   1.73570011e-02]]
Prediction vector adversarial: [[  3.48491199e-06   3.18159512e-03   9.34847351e-03   1.60044227e-02
    3.13558996e-01   4.93563890e-01   5.64673468e-02   3.05585650e-04
    4.78794537e-02   5.96868135e-02]]

Prediction vector original: [[  4.46968729e-09   5.21944417e-03   4.23026644e-03   2.94884965e-02
    7.97760129e-01   6.84463903e-02   6.03611097e-02   4.03241807e-04
    1.09654041e-02   2.31255312e-02]]
Prediction vector adversarial: [[  1.78497039e-08   4.94247884e-04   2.25929008e-03   2.79554892e-02
    1.20722987e-01   5.85966110e-01   2.22495899e-01   2.27665787e-05
    2.13156193e-02   1.87674798e-02]]

Prediction vector original: [[ 0.05980524  0.1537585   0.05980524  0.05980524  0.16228391  0.05980524
   0.16256748  0.05980524  0.16255873  0.05980524]]
Prediction vector adversarial: [[ 0.03587126  0.09238312  0.03587126  0.03587126  0.09733812  0.43591133
   0.0975082   0.03587126  0.09750285  0.03587126]]

Prediction vector original: [[  1.14844013e-04   3.22083719e-02   1.39828417e-02   4.67837341e-02
    4.54965442e-01   1.64819047e-01   1.75384730e-01   4.56740428e-03
    2.99406759e-02   7.72329271e-02]]
Prediction vector adversarial: [[  2.79146887e-04   1.06433360e-02   3.30638397e-03   4.22095396e-02
    5.56715786e-01   1.44557804e-01   1.52364925e-01   1.28400698e-03
    2.49318369e-02   6.37072772e-02]]


